[rec3.jpg]
moddate=e525d407915bd601
width=1920
height=1200
text=1;147;1;.;Bahnschrift Light SemiCondensed;0.208547,0.491610,0.057211,6.283185;v1,4278190080,4293454056,128.000000,1.000000,0.000000,1.000000,400,0,49152;;
textactive=1
