[2.jpg]
moddate=658d6018095cd601
width=1920
height=1200
text=5;127;5;DAY-2;Poppins;0.276653,0.015455,0.219471,0.000000;v1,4278190080,4293454056,128.000000,1.000000,0.000000,1.000000,400,0,49152;;201;78;Poem writing (Malayalam)&#010;poem writing (English)&#010;Cartooning&#010;Extempore (English);Poppins;0.045793,0.506000,0.050000,0.000000;v1,4278190080,4293454056,128.000000,1.000000,0.000000,1.000000,400,0,49152;;126;4;11am;Poppins;0.209370,0.369858,0.050000,0.000000;v1,4287189543,4293454056,128.000000,1.000000,0.000000,1.000000,400,0,49152;;125;3;3pm;Poppins;0.758303,0.373925,0.050000,0.000000;v1,4287189543,4293454056,128.000000,1.000000,0.000000,1.000000,400,0,49152;;180;57;Extempore(Malayalam)&#010;Water colouring&#010;Mono act&#010;Light Music;Poppins;0.588918,0.502691,0.050000,0.000000;v1,4278190080,4293454056,128.000000,1.000000,0.000000,1.000000,400,0,49152;;
textactive=1
[3.jpg]
moddate=22f858e10a5cd601
width=1920
height=1200
text=5;127;5;DAY-3;Poppins;0.277926,0.039303,0.228028,6.283185;v1,4278190080,4293454056,128.000000,1.000000,0.000000,1.000000,400,0,49152;;126;4;11am;Poppins;0.157252,0.429537,0.053234,6.283185;v1,4280303398,4293454056,128.000000,1.000000,0.000000,1.000000,400,0,49152;;173;50;Digital painting&#010;collage&#010;Folk dance&#010;Pencil Drawing;Poppins;0.055968,0.536621,0.070304,6.283185;v1,4294967295,4293454056,128.000000,1.000000,0.000000,1.000000,400,0,49152;;125;3;3pm;Poppins;0.718448,0.433189,0.052144,0.000000;v1,4280303398,4293454056,128.000000,1.000000,0.000000,1.000000,400,0,49152;;197;74;Doodle&#010;Recitation (malayalam)&#010;Recitation (English)&#010;Folk Song&#010;Western Dance;Poppins;0.571237,0.564609,0.054860,0.000000;v1,4294967295,4293454056,128.000000,1.000000,0.000000,1.000000,400,0,49152;;
textactive=1
